0 1 -1.508575 1.171476 0
0 0 -2.048700 -1.809612 0
0 1 1.194913 -0.524825 1
1 0 -2.209286 0.739083 0
0 0 0.108216 -2.007096 1
1 0 0.690176 1.976626 0
1 0 1.087527 -2.702540 1
0 1 -1.936488 -2.070331 1
0 0 -1.822698 -0.970160 1
0 1 -0.284071 -1.804423 0
1 0 1.252429 -0.401483 1
1 1 -0.630873 -2.341638 1
0 0 2.258960 -2.482580 1
0 0 -1.737385 -0.491249 0
1 0 -1.714048 -0.168648 1
0 0 1.210784 -3.271351 1
1 0 -1.513668 -4.190013 1
0 1 -2.311800 -0.020760 0
0 0 -2.369165 1.592952 0
1 0 -0.905638 -0.422676 0
1 0 -2.985419 -3.341334 1
1 1 0.215791 -0.201182 0
1 0 -2.297728 0.470742 0
1 0 -2.402380 0.422427 0
0 1 -1.721419 0.245814 0
0 0 -2.080915 -0.074964 0
1 0 1.179138 -1.852168 1
0 0 0.403179 -0.402492 1
1 0 -2.101469 1.007908 0
1 0 -2.435681 -0.521749 0
0 0 -0.902636 -2.318949 1
0 1 -1.470961 0.501447 0
0 0 1.871229 -3.100381 1
0 1 -0.799516 1.406492 0
1 0 -1.487239 -1.504510 1
0 1 -0.055502 -1.620438 1
0 0 0.039867 -0.781972 1
0 1 -1.470065 2.363930 0
1 0 1.476114 1.365024 0
0 0 -1.955324 -1.782025 1
0 0 -0.370898 -2.667979 1
1 0 0.626820 3.198460 0
1 0 -1.200270 -0.676359 0
1 1 -0.696069 -1.041654 0
0 0 -0.023348 -1.342761 1
1 0 -0.715767 -2.366854 0
0 0 3.129762 -0.129665 1
0 0 -4.174771 -0.593943 0
0 1 1.000103 4.547880 0
1 1 -2.183816 1.796719 0
1 1 -1.412035 0.411320 0
1 0 -0.479507 -0.502405 0
1 0 -2.287983 2.102770 0
1 0 -3.145060 -1.203006 0
1 0 1.672510 -1.600838 1
1 1 0.511867 5.336075 0
1 0 1.492913 -1.627884 1
0 1 -2.738298 2.395823 0
1 1 -0.355024 2.384450 0
0 0 -1.710590 0.870572 0
1 0 1.496330 -3.383748 1
1 0 -3.847989 -3.858006 0
1 0 -2.750723 -0.600046 0
1 0 -1.364124 1.107972 0
1 0 0.410531 -1.611739 1
1 1 -0.726259 1.663183 0
1 0 -0.444100 -0.465630 0
1 0 -0.813185 0.690706 0
1 0 -1.095508 0.895428 0
1 0 -0.774100 1.026091 0
0 0 1.009433 -0.211342 1
1 0 -0.179012 1.445073 0
0 1 -0.154720 3.532078 0
0 0 -2.274433 0.198866 0
0 1 -1.605713 1.221303 0
0 0 -2.277780 3.501463 0
0 0 1.086458 -1.441204 1
1 0 -0.280833 -0.041766 1
1 0 -2.727461 -0.380929 0
1 0 -2.688863 -0.422419 0
1 0 0.590191 -1.362746 1
1 0 -0.494208 1.142790 0
1 1 -3.295836 -1.132916 0
1 1 0.921990 -1.012947 1
1 1 -3.674935 -0.226710 0
0 1 -2.689136 0.827214 0
1 1 -0.623990 2.206325 0
0 1 -1.503866 1.395428 0
1 0 0.421122 1.679162 0
1 0 -0.804640 -1.469510 1
0 0 -1.882948 -0.933849 0
1 0 0.438953 -1.636167 0
0 1 -0.319686 1.119904 0
0 0 -0.449177 -0.350958 0
1 0 -1.747230 0.483540 0
1 0 -1.276655 -3.184650 1
1 0 -0.848120 1.750747 0
1 0 -1.958559 -0.869933 0
1 1 -0.516289 -2.478271 1
1 1 -1.830441 -0.714992 0
1 0 -2.379186 -0.731401 0
0 0 -1.486157 -3.305180 1
0 1 0.685502 -1.607446 1
0 1 3.056138 -1.911164 1
1 1 -0.874463 2.520076 0
1 0 -0.292577 -1.005160 1
0 0 0.503622 -2.586943 1
0 0 2.165783 -1.239737 1
1 0 -1.367192 -1.978304 0
1 0 -2.393925 -2.473129 1
1 0 -1.888127 0.604337 0
1 0 -0.826053 -1.732001 0
1 0 0.453864 0.536937 0
1 0 -1.785605 3.402645 0
1 0 0.590446 0.435912 0
1 0 -2.976187 -3.086286 1
1 0 0.997350 2.655009 0
1 1 0.136632 3.053941 0
1 0 1.928382 -2.561780 1
1 0 -1.259310 0.310479 0
1 0 -1.592460 -0.697593 0
1 0 -0.178097 2.374322 0
0 1 0.098949 -2.268195 1
1 0 0.895572 -0.755596 1
0 1 -0.687615 0.452946 0
1 0 -1.592821 -1.718307 1
0 1 2.163544 -0.609648 1
0 0 -3.589612 -0.398639 0
1 1 -1.033976 0.234886 0
0 1 -0.608606 2.476887 0
0 1 -3.484203 0.851084 0
0 0 -0.466228 0.077535 0
0 1 -1.011141 0.862913 0
1 0 0.979343 -1.555663 1
1 0 -1.014671 -1.241740 0
0 1 -1.274482 -3.060982 1
1 0 -0.890585 2.564038 0
0 0 -1.165004 -1.512486 1
0 0 1.886431 -3.635188 1
1 0 -1.370257 -1.017379 0
1 1 -1.127186 -2.771430 1
1 0 -3.898251 -1.245638 0
0 1 -1.361506 -0.251585 0
0 1 -2.481873 -0.512903 0
0 1 -2.381680 -1.220814 0
0 1 -0.017781 -3.328866 1
0 1 -2.262498 -1.588534 1
1 0 -2.597242 1.373050 0
1 1 -1.970248 -1.468802 1
0 1 -0.228468 -0.082818 0
1 0 -0.395195 1.943940 0
1 0 0.200306 -2.585634 1
0 1 -1.536842 -2.771313 1
0 0 1.761416 -4.494482 1
0 1 -2.619325 0.484540 0
0 1 -1.500895 1.577718 0
0 0 -0.585062 -1.520469 1
1 0 -0.153404 -1.319882 1
1 0 -1.584924 0.712029 0
0 1 0.637929 -0.970417 1
1 1 -1.907478 3.031461 0
1 1 0.254312 -4.027973 1
1 0 -0.221912 0.910551 0
1 1 -2.225028 0.446308 0
0 1 -0.912597 0.476327 0
1 1 -0.218793 -0.849113 0
1 0 -1.190129 -2.526530 0
0 1 2.057618 -1.528835 1
1 0 -0.489418 0.966778 0
1 1 -2.611701 0.020185 0
0 0 -2.485211 1.106901 0
0 0 0.287985 -2.147949 1
1 0 0.718707 2.162166 0
1 0 -0.356726 1.138953 0
0 1 1.383296 -3.349409 1
0 1 0.245811 -3.424597 1
0 0 -1.782279 -1.334877 0
1 1 2.994333 -2.248163 1
1 1 2.820238 -2.532326 1
0 0 2.043161 -1.454067 1
1 0 1.683828 -1.135964 1
1 0 -0.993427 -2.565533 1
1 0 0.052203 -2.057954 1
1 1 -0.298196 0.278155 0
0 1 -0.422742 0.646382 0
0 0 0.692178 -1.846179 1
1 0 -0.886348 4.166756 0
0 1 -1.174402 1.021616 0
1 0 0.537980 -1.421432 0
1 0 2.893654 -0.264708 1
1 1 -1.960739 1.721135 0
1 1 -1.369929 -1.047048 0
0 1 0.160487 2.616607 0
1 0 -0.860590 1.893131 0
1 0 0.328509 -1.786828 1
1 0 -0.992393 -0.253383 0
0 1 -1.686673 -1.367731 0
1 0 1.030679 3.895958 0
1 1 -0.923675 -0.426753 0
1 1 -0.615864 -1.436257 0
0 1 -1.490919 0.418820 0
0 1 -1.214773 3.786075 0
1 0 -2.369417 -2.101072 0
1 0 -0.980126 -1.630706 1
1 0 -1.556016 1.501059 0
0 1 1.221970 -1.574510 1
1 0 1.411694 -1.380410 1
1 0 -0.453655 -2.181291 1
0 0 0.500965 -1.756761 1
1 0 -0.983501 0.127045 0
1 0 -1.086441 0.084757 0
1 0 -0.149373 0.273247 0
1 0 0.799255 -0.982174 1
1 0 -0.605919 1.508476 0
0 0 2.516370 -3.871007 1
1 0 -0.679989 -1.330028 0
1 0 -1.059647 1.637596 0
0 0 1.698647 -1.561576 1
1 0 2.281832 -1.635948 1
0 1 -4.278133 0.428710 0
1 0 -1.499600 -1.824083 1
0 0 5.062928 0.192737 1
1 0 0.180610 1.186753 0
1 0 -0.533900 -1.620687 1
1 0 -2.114337 -2.146881 1
1 0 -0.359829 -2.246778 1
1 0 -1.076864 -0.379269 0
0 0 0.361203 0.267383 1
1 0 0.395154 -4.114500 1
0 1 1.037256 -2.492641 1
1 0 -1.721689 0.410149 0
0 1 0.579427 -0.539714 0
1 1 -0.777939 1.061968 0
1 0 -1.083267 -2.992692 1
1 0 1.026951 -3.383071 1
0 1 -3.110677 -0.435208 0
1 1 -0.840456 -0.252310 0
0 1 -1.036072 1.609199 0
0 0 0.548279 -3.083988 1
1 0 -1.303370 3.107126 0
1 1 1.491984 -3.790132 1
1 0 -0.500789 1.619585 0
0 0 -2.971363 -0.128006 0
0 0 2.396385 -1.883892 1
0 1 -2.185145 -0.378921 0
1 1 -2.356733 0.945573 0
1 0 1.862403 2.622758 0
0 0 1.424910 -0.908547 1
0 1 -0.655998 -2.656424 1
0 0 -1.905938 0.191841 0
1 0 -0.241546 -1.417187 1
1 1 -0.287404 0.462925 0
1 1 -0.377220 0.340033 0
0 1 0.226690 -2.105213 1
1 0 -0.261375 0.383208 0
0 1 -0.239358 -2.758971 1
1 0 -1.879730 4.313853 0
1 1 -2.777096 -2.378862 1
0 1 -2.180147 2.658975 0
0 1 -0.070013 1.032846 0
1 0 -1.127478 0.764959 1
0 1 -1.166740 -3.532014 1
0 1 -1.334052 -2.277770 1
1 1 -2.569729 2.658859 0
0 1 -1.164194 -0.144729 0
0 1 -2.244436 -5.663632 1
1 0 1.003267 -1.790846 1
0 0 1.160885 -0.558807 1
0 1 1.659476 -1.322624 1
1 0 1.314980 -1.706987 1
1 1 -1.063749 -3.481493 1
1 1 -1.459048 1.106112 0
1 0 -1.405841 -3.200254 1
0 0 -1.903757 -3.026051 1
0 0 -0.997146 -2.555172 1
0 1 0.555019 -2.605260 1
1 0 -2.584261 -1.129201 1
0 0 2.921876 0.222999 1
1 1 -0.706255 1.232148 0
1 0 -0.725957 -2.943039 1
0 1 -0.082143 -2.448243 1
0 1 -1.922031 0.599017 0
1 1 -0.856577 -2.401969 1
0 1 -1.790907 -1.891546 1
1 0 -1.494867 -0.697047 0
1 1 -3.222230 -0.600827 0
0 1 -0.922793 0.910307 0
0 1 -0.445762 -0.671482 0
1 1 -0.532705 1.304283 0
1 0 -0.430818 2.576660 0
1 1 0.813431 -2.192245 1
1 0 -2.468035 1.927278 0
1 1 0.084023 1.673000 0
0 0 0.920195 -0.222673 1
0 1 0.052286 0.159956 0
1 1 -0.837965 3.969022 0
1 1 -1.725880 -0.085915 0
1 0 -2.551240 0.413160 0
0 0 1.469153 -1.571717 1
0 1 -2.024065 1.216542 0
0 0 1.050003 3.763241 0
0 1 1.171013 -2.280587 1
1 0 -4.001067 -0.716787 0
1 0 -3.233451 -1.713623 0
0 1 1.404691 -1.772906 1
1 0 -3.449379 0.489352 0
0 0 2.107347 -0.715975 1
1 0 -0.226140 1.781407 0
1 0 1.740445 0.046919 1
0 1 -0.514937 0.230094 0
0 0 -0.337393 -0.637443 1
0 0 -1.199546 3.773153 0
1 0 -2.778338 -0.690516 0
0 1 -1.689463 0.939148 0
1 1 -0.934125 2.766515 0
1 0 -0.993793 1.347734 0
0 0 1.807886 0.562042 1
1 0 -1.782177 -0.899977 1
0 0 -3.432593 -2.965178 1
0 1 3.628017 -1.260503 1
1 1 -2.743741 -2.427881 0
1 0 -2.179818 -0.687015 0
1 1 -0.268763 1.551111 0
1 0 0.852074 0.518616 1
0 0 -1.248702 0.566703 0
0 0 -0.726915 -2.093777 1
1 1 -1.740219 0.097696 0
0 0 0.429062 -1.591884 1
0 1 0.361454 3.114130 0
1 0 0.507146 1.645467 0
1 0 2.086429 -1.546961 1
0 0 0.392175 1.947349 0
1 0 -1.633382 -2.047993 0
0 1 1.317789 -0.156441 1
0 1 -3.067924 -1.505333 0
0 1 -0.823547 -0.839074 0
1 1 1.358936 -1.696828 1
0 0 0.991410 -1.474067 1
1 1 -1.247047 0.979082 0
0 1 0.534293 -0.709394 1
1 0 2.260664 -0.064351 1
1 1 -2.019565 1.166376 0
0 1 -1.658880 3.883907 0
0 0 -1.148952 2.213775 0
1 0 -0.360423 -0.869588 0
0 1 -3.762944 -0.898880 0
1 0 -1.772357 -3.701887 1
0 1 0.815612 -3.670708 1
0 1 0.081733 -2.980282 1
1 0 1.061795 -3.884711 1
1 0 -2.160163 0.433265 0
0 0 0.523601 -1.793646 1
1 0 -0.902863 2.351731 0
1 0 -1.715957 2.256579 0
1 1 -4.084760 -0.629784 0
1 0 -1.940532 1.078890 0
1 0 2.429225 -1.782079 1
1 1 -1.672540 -1.027533 0
1 0 0.058517 -2.539576 1
0 1 0.546205 -0.197322 0
1 0 -1.636758 0.668482 0
0 1 -1.837630 1.175547 0
1 0 -0.279095 0.137085 0
0 0 0.560532 0.260521 0
1 1 -2.364114 -2.795891 0
1 1 1.368316 -0.708156 1
1 0 -0.464500 0.202432 0
1 0 -1.595755 -0.992225 0
1 1 -0.693366 -2.623395 1
0 0 -0.032272 -3.344852 1
1 1 2.627090 0.304846 1
0 0 -2.821666 -4.522559 1
1 0 -1.525665 0.123064 0
1 0 1.702587 -2.005503 1
0 1 0.814536 -0.294015 1
0 0 0.955375 -0.417272 1
1 1 -0.835801 -0.479968 0
0 0 0.098132 -3.415678 1
1 0 -2.332638 0.174257 0
1 0 -2.680835 -1.125596 0
0 1 1.099611 -1.980777 1
1 0 0.522669 -1.996488 1
1 1 2.298229 -3.289256 1
0 1 -1.749192 2.714645 0
1 0 0.544817 -0.186206 1
1 0 -2.125619 0.768795 0
0 0 -1.239045 2.905126 0
0 1 -0.082757 -0.175432 1
0 0 -0.354562 4.206909 0
1 0 0.445536 0.785424 0
0 1 -1.785487 0.252184 0
0 0 -1.125120 2.795653 0
0 1 -0.104166 -4.163683 1
1 1 -1.140490 -0.099821 0
1 1 -0.997708 2.557648 0
1 0 -1.488170 -0.024273 0
1 0 1.073033 -1.713813 1
0 1 0.425571 1.532538 0
1 0 -2.002799 1.911210 0
1 0 -2.917126 2.607020 0
0 0 -0.737631 1.204333 0
1 0 -1.226482 -0.918542 1
0 0 -1.797156 -3.853988 1
0 0 0.046816 -1.012081 1
0 1 -1.028467 0.061661 0
1 1 -2.488297 -2.040466 1
1 0 -0.761421 -0.099105 0
0 0 -1.381716 -1.801849 1
0 0 0.100500 -3.044899 1
0 1 1.400716 2.626240 0
1 0 -2.009904 0.449226 0
1 0 -2.568907 -1.822623 0
1 1 -0.980555 1.909891 0
1 0 0.805042 1.525994 0
1 1 -1.799505 0.801860 0
0 0 -1.048710 -1.793645 1
1 0 1.735650 -2.600718 1
0 1 -3.756925 -1.465471 0
0 1 -1.351817 -0.057767 0
0 0 -1.119141 -0.445707 0
0 1 -0.654662 -3.198331 1
0 1 -1.036409 2.297761 0
0 0 0.580095 -0.069022 1
0 0 1.814419 -3.103766 1
1 0 -1.548948 4.065708 0
0 0 -0.311860 -0.215571 1
0 0 0.101683 1.908346 0
0 0 -1.359525 -0.693500 0
1 1 -1.822861 -0.302062 0
0 0 -2.554280 -2.113648 1
0 0 0.113793 -2.613344 1
0 1 -2.414529 -2.058557 0
0 0 -0.259345 -0.866647 1
0 1 0.049412 -1.459531 1
0 0 -3.139888 -1.696961 0
0 0 1.505670 -1.372301 1
1 0 -0.551993 0.548964 0
1 0 -2.712808 -0.210926 0
1 0 2.342847 -0.077340 1
1 0 0.682861 1.011954 0
1 1 -0.519847 -1.671432 1
0 1 2.572854 -1.029691 1
1 0 0.037063 1.149814 0
1 1 1.563999 -1.078471 1
1 1 0.905333 0.732124 1
0 1 -2.474275 1.063876 0
0 0 2.057436 -2.395013 1
1 0 -0.486415 3.582173 0
0 1 -2.304901 -1.080578 1
0 0 -0.052832 -2.030070 1
0 1 -1.803715 1.288858 0
1 0 -0.237600 -0.229839 0
1 1 -1.895612 2.012451 0
1 0 -1.363763 1.073652 0
1 1 -0.432049 1.163315 0
1 1 -0.924118 1.071875 0
0 0 0.347337 -2.593343 1
0 1 -1.487927 0.287922 0
1 0 -1.609968 2.295396 0
1 0 -3.423883 -0.819159 0
0 0 -3.889343 0.992925 0
0 1 -2.683783 0.674000 0
1 0 -1.038788 0.537729 0
1 1 -1.176560 2.282556 0
1 0 -1.785488 2.822927 0
0 0 2.657667 -1.560057 1
1 0 1.269188 1.599406 0
0 0 0.568093 -1.852332 1
1 1 0.098185 -2.288771 1
1 0 0.619645 3.595010 0
0 1 1.046313 0.461203 0
1 1 -0.588864 0.759640 0
1 0 -2.176778 -2.442939 0
0 1 1.229748 3.778057 0
1 0 -0.703072 -1.783046 1
0 1 1.257281 -1.766699 1
1 0 -1.800539 -0.964687 1
1 0 -1.195323 -2.578204 0
1 0 2.219608 -0.265938 1
1 1 -1.548198 -0.909573 0
0 0 -1.309079 -1.726562 1
1 0 -2.220977 -0.467537 0
0 1 -0.162373 -1.193343 1
1 0 -3.691873 -2.425993 0
0 0 0.129529 0.843596 1
0 0 0.671818 -0.700054 1
0 0 -1.752104 0.309055 0
1 1 -2.429452 -0.507041 0
1 0 -2.011065 -0.256850 0
1 0 0.625314 -3.194425 1
1 0 -1.334576 -0.956579 0
0 0 0.210114 -1.224985 1
1 0 -3.622128 -2.536838 0
0 0 1.065228 -1.179811 1
0 0 3.311672 -1.340236 1
1 0 1.480202 -1.878042 1
1 1 2.169550 -1.227578 1
1 1 -0.171232 -0.679164 0
1 1 -1.972756 0.092023 0
0 1 -3.311072 0.516720 0
